1873
209
4494
1312
3297
5723
778
4379
3795
9215
936
1915
3027
4497
6942
5347
6592
1654
3816
6246
9353
5051
320
5066
4660
1236
5200
982
642
4570
8647
7816
6857
5941
2189
6200
1993
5217
4055
119
6101
1243
1221
6740
8854
4132
3779
2079
8731
3361
2078
1421
6680
1748
2156
2689
1818
9775
379
2960
6047
6928
3939
3201
9056
6717
9854
3949
5133
9876
1481
5164
8438
5876
8193
6732
3980
6314
819
2241
7340
5039
2753
7549
7458
8893
4194
7385
3205
9892
4904
7785
6336
4315
9059
9497
489
6713
4327
7679
8378
7156
6103
6157
7011
8180
7027
352
3882
3840
1329
1529
5402
7022
3363
6494
2565
2770
9738
1047
7790
4735
4890
2571
1226
9070
639
6979
4406
5101
1282
7898
4075
4926
7146
1472
9257
4723
1147
8429
176
9003
4876
6180
8547
5309
3010
7625
4882
906
7416
77
9998
4936
5257
7238
4703
9169
8567
9552
3737
8010
6331
3370
7514
3749
3932
7399
7919
6158
8960
5658
2502
6499
6868
9786
4744
4774
4718
9944
6795
5591
6349
2823
5036
2445
7706
7255
8157
2375
6781
2818
2041
2987
8631
4485
5684
1652
2298
6826
7623
2317
3082
4593
2907
8824
595
2595
6501
4880
299
6696
214
9907
3817
9509
6713
6870
1200
8881
6014
2891
6558
4626
6950
5964
6981
9127
8540
1403
3508
420
3945
9795
2068
2139
2731
4172
1771
3323
5562
7891
7697
2495
9079
6254
5422
4665
7765
4315
4940
6917
3874
507
2310
8132
6117
717
8436
1044
2758
288
5671
309
4984
2038
4637
8548
1993
6842
5575
3454
103
9586
846
2942
4366
7370
7760
2062
2676
8716
3847
4941
9146
2252
9868
7353
5667
829
9399
717
7996
2382
7657
6262
5439
1932
6404
8912
1273
131
6191
4053
4429
2472
2024
6740
1604
9865
3580
2139
2999
5682
6538
8057
4178
6543
7278
5226
1137
4158
9232
8729
5654
3332
5513
4373
3174
6892
9108
7159
6099
1740
8849
5069
1176
1493
6703
317
878
238
9454
1939
5179
8829
5805
8140
1897
9840
8091
4165
931
9793
6358
1634
131
7623
1380
8241
8295
6446
2339
2546
3831
1673
4367
7143
6001
2251
906
4946
9345
3408
5945
7538
878
8622
1594
1577
3944
5789
7152
9115
2262
7521
6863
325
2591
8363
4905
2652
4724
2329
7768
8652
3046
2633
6191
5913
4785
1711
1058
6360
6238
3736
267
8977
9790
3709
6483
9515
1303
6879
8893
3109
9601
9790
5601
906
7216
9548
7163
9762
4263
1064
5875
4875
5422
2931
9938
8823
3326
1416
6343
6874
379
8552
1456
7696
4974
4762
3660
599
7441
8589
8124
5327
5626
6168
9797
8059
9971
849
7067
7775
3177
9054
5177
424
122
1878
5434
4428
9542
3203
3552
5
190
4181
8034
6462
667
812
7404
6224
3942
6039
3325
1652
4666
313
5149
914
9859
4877
290
2131
1258
171
3956
811
684
7689
1256
4202
8162
7413
4443
7588
6197
4468
8176
1804
2609
8092
6059
8273
8639
3140
2432
7724
8649
9428
4435
1417
2686
6965
676
9179
3402
5839
4492
6852
4398
7885
1776
6843
7926
3604
5589
9398
6048
1802
2376
8941
868
1367
7518
9363
6253
4247
1134
4501
5553
6228
8614
5200
7316
7440
4158
2367
3677
7627
9783
6153
4196
2191
6698
5079
1283
3765
734
5266
2015
641
8611
9217
5160
7780
7197
5592
1523
8304
3661
6310
347
3405
428
4952
4434
6399
5175
918
1901
2333
2783
7111
3036
7936
3100
4979
6587
8028
5648
9704
1009
3541
9
32
2669
3184
8516
1777
4846
5501
6077
1411
8444
585
511
6283
7803
988
5586
1016
2708
9577
8124
5403
784
7955
9978
7754
2796
2882
5476
9017
7087
9680
5014
7271
8374
982
5877
9204
407
6420
2068
5046
1646
3796
5986
6100
8027
5170
6087
9482
7127
1881
6346
2984
3605
989
5281
4069
6666
1885
4596
927
6465
5878
55
240
7869
3467
141
5869
6816
3685
1234
5001
6589
7429
1573
3469
8809
2008
128
9961
6646
7265
627
9577
5839
4585
5460
845
2452
8875
8971
6689
5021
132
4706
9092
2685
5656
6610
9224
244
6115
9882
9659
5694
8700
3191
2990
5709
8436
328
1602
9794
4329
6010
6673
4393
498
7501
567
4103
3688
1003
5713
8315
7633
9357
4767
8111
1631
5501
1419
54
5375
4317
8561
613
4616
4061
663
7409
2536
7389
239
1203
9845
1134
4018
5622
2587
3472
3094
9959
365
6883
2683
4087
9297
5381
1412
3519
3374
4929
7048
6940
5121
6628
5459
8176
1433
3311
2259
9465
3311
1517
2070
3189
8842
2457
8614
4718
7220
7561
9960
9951
7870
6450
7172
7278
2785
7793
1325
5185
2108
6381
3392
3559
2658
2986
3872
8835
6624
7078
4185
576
2965
6332
9846
9820
7195
991
6209
7587
6174
5616
1186
5295
3300
5540
5767
7531
6035
424
2378
1611
2132
2700
3164
7667
3083
4431
5147
7620
3337
2112
6860
1335
1674
5291
1546
3487
6713
1527
5290
5241
2032
7190
4581
689
7597
844
6684
9206
3281
3583
7952
1349
7163
8557
9751
7753
5941
162
9011
7576
7363
1881
578
5494
4863
597
1559
3981
2728
4365
3582
682
6087
80
7556
9016
3763
7257
6887
3887
3584
4223
9367
3319
9169
3434
4963
1175
4372
3332
6631
5718
6595
5171
3881
3723
2983
4618
4370
61
4179
9539
7039
8282
8740
7366
1423
8534
7574
7733
1713
5395
1852
8607
816
9637
9709
7104
9272
4792
6765
9335
6168
1474
2992
7192
4424
9868
3782
3806
739
3527
6205
3550
1337
5671
2402
6955
8207
2577
790
5640
6981
7293
2369
7477
6796
932
3771
7604
4557
8102
902
6600
837
7633
7043
3184
2351
9715
7086
5107
6381
5794
5230
8593
5871
8124
6893
3620
9950
1752
6867
9612
3621
2899
4820
3715
2038
4172
6112
1716
9351
8876
617
9881
9459
3793
4728
4515
6155
2243
2071
4882
3151
6964
6550
4285
248
5441
7343
3542
518
8636
9175
903
4787
7797
2816
2513
3939
2985
92
7949
6584
1291
4937
6047
9522
2310
6983
7287
1057
3389
7038
321
2723
7395
4424
1893
3280
1335
4594
1352
9909
4974
1707
3241
5480
4842
4917
4039
7495
480
9013
2013
3825
6567
9741
2374
2735
6742
1660
3441
9866
2306
1690
3359
2772
1779
4658
1065
4480
5316
8098
9669
1057
1373
2292
5181
4663
1676
8163
8599
2734
4572
9959
4797
6027
6100
1905
7335
3086
2797
7994
4360
6354
125
1906
7092
5658
5709
9697
9053
8054
7076
1317
1144
9143
9504
8309
4957
9884
731
4094
4307
4642
5801
132
2853
775
7098
5954
3895
7398
1781
3561
6970
1125
1210
7020
4693
9606
4753
6211
2450
9398
3372
9626
3000
3397
6797
4898
7839
4392
1745
7276
7251
5600
7656
5691
1369
6024
714
3213
5294
8384
6546
3746
2345
9981
6923
9590
830
2385
6028
5180
1411
4090
7412
713
4072
1406
3636
5678
5983
6760
6767
6331
4156
314
9400
3086
9649
347
2684
3456
3348
209
9936
3701
6813
4792
1878
7679
5578
7494
2270
4487
6385
9384
743
7476
4349
5924
3062
5952
788
3000
7670
7457
7552
3246
1387
2905
9094
5679
6459
9056
9231
6540
5734
2812
5557
6868
2709
9628
839
2843
8407
4004
7342
8205
7628
3428
7017
4172
2964
8428
7745
1185
6158
456
3440
8547
2886
6199
3678
2559
8839
1640
6771
1107
2112
1659
8715
2824
9320
1331
9254
1930
632
3178
5504
5643
1940
593
2994
9652
781
1426
3796
8565
6280
7259
1459
2486
2406
3334
2925
7877
8112
1233
8243
758
7574
1481
9994
2952
8653
6013
5625
7530
7975
1121
7570
7949
6539
9912
7980
6447
695
9591
7181
1192
9434
2952
7550
8387
515
5316
7393
5114
4685
7912
2651
1016
9406
6136
7760
2091
943
6501
824
7870
6373
9197
2448
4024
5162
4136
1987
6035
3332
7113
9799
6032
1881
9299
9122
4052
5165
7637
6646
7093
4218
5956
6531
4136
4623
6568
8653
2991
8480
4
8215
5315
5246
6111
481
9418
6805
3233
1392
6588
7959
3430
2055
5589
4755
771
2719
1702
9512
6612
9738
1216
3264
495
7232
9660
3417
7767
3685
2189
6866
5385
2564
7547
6567
5494
5176
2823
2607
2285
3468
4782
7179
1448
217
5023
6568
3068
4188
402
2237
8213
8188
7212
7398
6664
8712
7477
5101
8231
6843
8372
8778
2939
1462
1248
6434
5995
7435
5065
5239
1890
3430
105
4128
8251
6269
1768
8227
4147
1340
996
374
9411
1461
7379
1855
1249
9830
3375
6561
1933
6195
3251
228
6666
9234
8281
9145
3867
2279
603
784
1060
3976
1663
2176
8313
264
7652
537
7747
9120
3538
4627
2011
4942
9330
4663
6838
5132
7103
3199
2779
7493
4927
9319
9047
3363
4373
3765
8052
8080
1516
3124
2624
7326
7484
7121
9216
5177
3517
4215
9411
7274
7222
7193
8991
421
1239
2281
8476
8146
2921
2382
1575
274
3761
7508
8322
3396
295
3205
7773
8288
4004
827
1128
9763
6328
1887
9854
4260
6336
2397
5016
510
2816
2086
3343
9067
9579
7729
2809
7174
2665
9391
5488
6467
745
3364
8261
2370
5544
5787
2623
5661
7377
6525
3233
8679
1992
3722
1156
895
8835
5651
1797
1168
7591
7958
9404
6908
9372
1226
9740
3579
1296
5866
7
1496
8366
8830
443
721
4524
9324
5146
8991
5554
8808
618
2107
117
3894
9290
946
1608
9483
1870
4385
2757
3423
6699
2809
6929
3324
6574
2579
4960
752
3410
7880
3983
7979
9030
2702
5231
7686
5932
2336
1051
6599
5379
772
7494
9890
1384
7615
7742
4351
8260
5762
3388
4876
6280
8951
5098
543
4673
6536
1545
3751
3724
1341
5687
8279
8041
5302
430
9874
1202
6745
1483
6048
7932
2623
3872
110
3729
8794
9929
8170
3427
1526
862
6819
9559
3808
1007
3505
8605
749
3737
1264
8189
9404
679
4347
1131
9657
1339
1595
2895
4488
8550
9909
7409
9880
6263
1070
2504
6918
92
1327
288
1204
7785
4679
9648
7629
6303
7571
7793
1745
4577
4842
5221
2503
6134
4213
3863
4970
3812
9330
1258
5785
9536
9431
4562
8575
5750
7093
6978
1321
1500
4184
5745
2778
5425
136
5201
413
9906
5972
667
8068
5517
2132
8872
7584
2568
8080
8485
4926
7017
6910
9931
8035
1304
8737
7160
587
6793
2510
5230
3086
3388
7096
6711
363
3648
8940
6744
2389
3244
5446
1312
3571
6976
323
5799
4207
9715
9578
1203
6605
4621
4586
3540
7542
6785
1714
7894
8190
9036
6357
2357
2401
8077
2914
8633
4362
3343
1235
5519
6994
8001
4373
8623
3208
1399
2095
4721
3152
4888
9531
1963
1903
8471
601
7777
3746
3978
1395
4774
1091
1613
9570
1190
8413
592
1997
6518
4141
1357
4382
4821
6353
6363
3411
7952
1324
8811
4068
8384
7519
3854
2214
6716
1446
4773
5264
1997
5951
7440
1843
4030
5971
9955
4686
5508
1578
782
9724
8461
3188
7928
8281
3834
9256
3757
8626
5256
2446
4876
7742
8026
6335
4198
4111
2204
1003
2777
7522
4299
2551
2282
2538
5513
8526
5097
8035
5747
8519
7938
6501
1666
6785
6614
3194
3969
1636
4102
7131
3753
4575
1452
2955
335
658
1197
5175
3228
407
5957
4032
9116
2763
663
5261
594
8008
5485
4445
7216
9377
7913
270
977
2168
6724
64
7705
9548
7547
5222
3071
4974
9647
3819
6916
2174
6187
2592
2426
4967
5693
730
7305
853
784
3479
2566
4267
1279
4429
806
7664
2743
1523
9896
1199
8254
3342
9921
4651
716
9007
893
8464
5380
7178
6255
4309
7430
7036
2551
9387
7453
6909
8731
2864
8382
4227
9546
7291
1167
3893
6209
2619
2762
807
4115
5528
9315
6304
1741
2180
9457
7546
7115
8211
7430
3546
8176
5828
3489
1431
1239
4179
9472
1788
7358
5844
723
2497
9869
9246
1664
6325
7627
4057
1223
8737
7539
4259
6064
8880
6867
1429
4081
8484
492
9018
8000
559
811
6939
9089
2209
8294
4583
3940
3585
8836
9578
3100
8121
9996
9021
8922
7496
1984
9730
1421
8503
811
4120
5140
7969
418
8730
7107
6185
7788
3118
5771
8925
55
7896
3494
3072
5455
1979
675
1088
587
814
7820
5154
4909
9264
3039
2659
9640
5172
6304
885
2337
2123
8589
266
269
2928
3510
2367
5430
8461
1456
864
1537
103
1371
1252
8676
7806
3312
7729
4398
9989
5709
3762
1016
5927
4861
6240
7607
6058
600
1755
1814
736
1303
7584
887
3362
3458
9239
3654
9509
5861
1059
5078
9720
6162
6268
2902
9974
7981
8155
1503
464
93
4605
1545
304
5290
4044
5257
3056
5432
2093
6251
5544
946
4672
9670
344
7564
5133
3158
524
440
107
1655
3762
5951
1186
9340
1786
4488
7302
173
246
3304
5719
4450
3574
7095
7942
2536
9181
5437
494
8498
5419
388
9543
5786
8136
4625
2639
4252
1363
348
459
2864
8705
1833
6384
5239
3349
2
1964
5806
6221
5666
1908
2812
3841
9211
3079
680
9647
8389
8181
8271
5184
2638
6295
1508
429
1868
9242
8509
5763
5
4873
2882
1592
8788
5805
6162
5492
5228
4870
3511
880
6994
6621
7732
5676
3552
7562
5425
4223
7311
6508
5675
777
8273
428
6056
8321
7692
454
2914
2137
1146
7358
2932
3629
9042
5719
764
6183
3095
1252
3201
1547
585
6343
3741
2157
4316
4665
2721
2083
5104
6978
7234
6923
5368
6673
1931
796
6916
5451
6515
6865
3380
6624
8244
6299
7944
5985
8066
9441
9938
7919
7176
2113
9715
7474
6692
9411
9788
7519
6943
9164
1655
3745
4409
7293
1935
9312
3753
7704
8521
5207
9573
81
7249
2025
7518
9954
2330
3810
7230
6758
9175
4828
213
7256
6630
5719
4167
3653
6654
6315
1608
8015
3465
8630
4633
7176
847
4998
9604
5237
5892
3127
5214
3968
9781
2011
4889
4930
1394
5
9837
1010
7493
9161
2154
9175
4042
7970
8373
731
6799
7998
2583
155
5765
8629
4826
8640
7273
8079
4858
3909
9567
8185
3576
3545
2548
5074
4386
5140
57
7750
4657
2876
3526
1890
2993
6820
9123
6690
1543
8162
6620
8467
3802
921
7133
5919
7430
8203
8610
8422
8527
9035
2477
557
8464
9965
2222
3193
6899
4186
4836
3851
4930
9751
9040
6854
465
7614
1
6800
3841
9677
8831
7269
5476
6826
6618
375
8927
6993
6912
1732
2092
3706
7692
9754
6497
6297
3635
7782
9640
3957
2214
2499
8140
7166
2613
2332
135
1687
4748
5063
3753
2260
6769
4799
4806
5414
3353
4570
869
3421
3826
2377
844
4273
8665
5262
8760
5824
5331
8140
8104
5735
9508
1533
8288
2700
5817
5110
7981
8605
2883
1969
999
5688
1199
1994
9200
7606
8681
1296
3402
8341
8019
8709
7725
8321
1973
9670
4951
2831
7625
2395
536
3797
8237
1197
670
2400
1898
7061
5489
6594
9358
6117
1923
4578
9625
2536
1980
2562
768
3565
1290
2718
5113
885
9658
5151
2569
4311
39
5897
3158
953
4891
1522
9996
5398
9151
9694
6961
4209
7233
4270
1056
1104
7400
2918
8092
7543
599
5028
1725
7123
2442
7798
115
1192
6392
8754
1518
7392
3404
3684
9958
2446
8297
9990
4819
5473
5939
6806
3649
8308
970
4872
5787
4909
3233
1118
5497
2770
7352
5193
7228
5458
8938
7765
2350
6868
1839
3294
6245
4631
498
3231
6992
2176
9020
9087
2051
6440
3866
8678
7324
910
223
2985
3778
1773
3057
5544
392
8305
2590
1044
8635
7309
551
4918
2889
5423
7907
1086
3277
2392
6988
743
2223
3065
924
1110
3719
5763
1156
9377
4753
9939
9373
3770
1668
6590
3734
562
292
765
431
3214
7608
6682
777
7328
4487
2463
844
3070
3491
3319
5407
4884
3170
9102
436
6869
398
4612
8706
1022
5284
8765
1243
4693
9006
1789
3258
3080
3481
7998
6977
2341
3228
5349
5357
9009
4008
2013
70
1796
9854
4473
4310
2565
9961
1291
6008
4293
9581
1619
9858
5188
4531
7771
7187
9755
7241
6718
1155
9587
3322
6275
1021
8917
1617
7868
3304
2581
7361
9335
9521
6898
7670
7960
9917
7237
892
6094
79
9529
6549
9143
2677
6832
556
8431
9680
6219
1215
9531
1378
5693
5058
9988
7265
5647
8057
9086
427
4439
6930
6257
1482
3072
7323
4076
268
9682
483
6385
3541
548
7740
2023
4724
704
2548
9880
7403
3836
3164
1569
7717
8174
5124
3852
2030
2297
1609
4153
5360
2417
1507
8988
2929
560
9519
6932
1874
1303
33
4892
2699
3252
6618
8845
333
263
2008
7985
2833
6580
9204
4250
1690
9509
2949
7596
1470
3051
2232
1030
8081
5956
8720
8445
4361
8121
3035
2596
8864
9916
679
146
8735
70
2040
5697
386
9096
6427
6918
2330
6869
8331
8449
2950
4925
5266
3165
2286
6361
401
5496
943
8765
9969
3076
1144
8517
4959
9723
4636
8042
8952
4927
9668
1067
9130
2431
4589
4831
5470
3230
8724
2299
3912
6386
2179
1932
2919
4412
4935
7307
9228
8664
2198
3994
7855
4178
7347
6486
3435
2693
6010
3695
4833
7215
4824
7548
2643
1419
6244
5553
9658
2421
6406
4870
7681
6009
6497
2372
165
9303
9348
2444
9079
6985
2021
1896
6114
3721
2078
9221
2910
7243
9878
3676
2310
3633
1792
8157
2837
8821
9531
8723
1548
8014
8911
2717
6230
7878
7354
6952
6487
4608
3138
7156
4697
4762
1036
9992
2046
4674
8323
9354
1873
8604
2350
9362
2435
5397
5889
7485
3841
8334
9275
2591
9416
3126
9012
4333
9
4553
935
2292
895
3099
2317
5516
4815
9156
1342
5740
1446
3820
4285
425
3104
2135
411
4997
8880
6761
2123
7171
4527
7460
3230
114
3438
4541
1301
5305
4814
2476
1060
459
8736
3249
4507
2630
4283
7699
39
1700
6041
7086
7222
4871
6416
6457
6065
8485
5993
5968
9658
9506
1873
6264
6847
5371
4371
9281
7283
7536
5784
6356
4583
1016
1001
1431
4653
9500
8679
8301
5250
3198
3416
7359
9780
4497
3898
9089
2991
4680
9358
8691
8773
3536
6839
8630
556
2478
4736
3680
2960
978
3895
6056
9293
5556
6128
6609
3234
369
1434
1762
4652
8496
9447
4813
8839
3456
7661
4583
5689
1177
8847
3987
328
3668
2731
6025
9534
7007
2498
4957
8921
7857
4955
5974
4314
4747
4313
7543
6981
2582
3449
6782
6496
1454
3234
9727
6844
3731
82
5156
1133
6600
4178
2742
7726
772
6074
3758
5987
9899
7250
5283
2929
9405
1095
6931
3007
7871
4314
2480
2085
8933
5213
7467
3134
6698
4533
7811
5648
3110
6547
3828
2920
1401
2977
8615
1374
5781
9979
9737
3923
3882
8893
8361
5008
5086
4768
554
8369
4867
2758
1354
9911
2523
1425
3343
7048
7286
3685
8027
2845
5664
696
55
7922
1140
1324
1489
5649
5801
10
5733
6426
2385
8817
8491
5033
4325
5237
6163
934
869
5947
484
5213
4113
8110
1865
9370
4873
4051
2909
611
4730
2168
7864
5434
2287
6821
3417
8359
2711
2560
1137
5432
956
3585
2150
2817
736
7576
152
9172
3251
4168
9770
6843
1975
2242
3425
909
2380
6939
1389
7042
8383
6842
6491
8827
504
4140
7070
2706
4264
5712
9219
4008
1179
1111
2054
697
8855
4159
7877
2390
1165
8496
2389
970
4246
3859
8862
5680
9155
9041
4117
9991
7422
9586
3507
9697
1443
3085
6684
1751
7697
2613
5890
1121
7085
9346
3742
8625
3360
8654
8040
6135
7583
102
6997
6786
3786
684
9474
6925
8644
2362
1283
3405
5841
9496
465
4514
4032
9146
1506
5372
5829
7343
962
8918
4073
7457
4638
1755
807
2523
9572
91
3838
2058
2421
4723
5526
5245
9525
5639
8553
6650
2942
6165
3813
7643
1023
3775
6269
6555
1741
9733
5667
3283
1904
2500
325
9507
5629
529
3855
4009
1021
8480
6664
3648
4857
7165
6322
4492
1257
1598
3518
4332
1831
3422
3167
7318
1587
3654
3510
3847
7004
9242
9506
3983
108
2199
720
642
5137
3267
7997
9635
2434
2964
7740
7169
7572
1661
7314
1919
2398
6882
265
7941
8698
436
5365
6772
4443
151
9264
1912
7261
1016
8541
6533
9641
8349
3252
5768
5689
1253
786
8194
9743
8045
5726
7242
3094
6637
8773
2180
6174
1901
5285
50
118
8915
1981
4467
3390
5743
8483
4552
6279
1844
8959
7432
8513
8568
7947
733
2990
6326
3562
7249
1649
8961
811
2617
7917
9612
7457
8211
3815
3920
4992
5705
8820
5848
7683
6813
1878
8535
3348
1540
7574
7651
553
957
2430
7526
8273
6010
7499
963
5686
2120
9009
2096
1747
480
9692
7905
6466
846
9569
8087
8391
7352
6508
4850
5706
8416
3639
3909
1568
4176
2858
5457
7818
32
1058
9226
5065
2881
8492
874
1265
7384
6716
7870
5393
3257
6926
1853
7593
941
8209
953
2246
2275
9179
9994
5834
4822
5826
8675
7165
3342
2985
7842
3559
9596
6780
1778
2935
2112
647
81
8380
867
8089
6146
8758
7927
1183
524
6180
3987
5044
6504
8746
2522
4952
2152
4878
7759
4646
7724
3768
62
1400
9913
4993
2474
5957
4673
9187
5140
3104
8514
815
138
1756
4127
3538
7821
1775
9925
8469
7234
8428
4682
5669
7339
4387
7831
9654
2884
3492
3173
402
8554
84
8760
2351
7745
2689
8559
5240
7756
1045
2095
2288
1501
1036
6760
3161
6934
2965
3720
1458
9308
4770
2409
9048
8104
3306
514
2462
26
3582
6020
9781
1790
8003
5422
9983
1611
5073
7517
534
6279
9765
5324
3176
1494
5830
9631
2324
6730
3659
6440
5252
2329
6045
7119
8340
5752
8118
4495
9064
5929
7092
294
9098
9552
2056
9351
9965
767
3962
3837
8957
6247
1243
6371
9745
881
6996
4372
9039
5447
9609
9199
7918
6535
9802
2776
4089
715
3639
1215
9162
9498
2790
9701
3316
8988
519
5374
8195
8271
4229
5290
7751
3591
3212
4664
5880
1142
3246
6555
9167
9908
8105
7903
2839
7395
1675
8404
8091
5346
3415
8107
9379
9540
4173
6781
958
7670
8997
3155
3002
1910
8521
4908
8936
8321
737
971
7309
3475
521
6097
3468
9822
5176
3963
8566
5232
390
9111
6066
8857
2545
9926
8734
5014
97
4553
2402
9147
8867
9157
6248
5071
3524
3257
3220
707
282
9996
8339
283
3878
158
7132
4595
5284
7513
1174
7341
5279
9614
2817
4746
3004
2592
6624
7768
7920
668
665
1008
8226
1111
6933
112
8717
3213
6418
9960
6286
5458
1075
9171
1879
8542
1831
2634
3525
3117
9110
2607
6289
265
9901
731
1462
9527
3300
7789
9126
4058
4703
5432
5342
4969
7293
4228
7638
7234
8369
5412
232
7690
7157
9444
3470
1597
248
3157
323
7985
555
8628
6487
5576
5790
1181
9609
489
2847
944
7472
4089
5194
2248
4596
4377
1413
7821
1640
7142
4350
200
2222
3714
1986
1092
7371
619
3129
495
8630
2686
3270
1329
7076
5245
8544
2048
6976
2917
8660
9224
9610
2207
2832
4494
4933
2629
6322
5371
6152
6393
8991
7450
5049
9841
1447
6294
3957
744
8817
901
3620
4358
6953
7085
4901
7681
971
8297
6258
5762
1426
3491
8233
6093
9120
6467
808
7136
5599
8802
9438
4855
2695
8952
766
6749
1148
3404
9642
6358
5296
1860
4889
2425
8092
7339
2460
6029
8295
3841
1138
5830
9600
8718
7702
6311
9658
4285
5632
6388
5479
3354
3857
6081
549
6345
9762
7079
8137
3452
3770
8991
4731
3888
1152
6808
7318
5719
414
6696
8322
3969
6605
6615
2387
1737
2184
5458
9937
8944
7721
9415
3454
5950
9624
7088
3745
4803
2334
5516
5140
9132
7992
7720
508
4845
7439
8636
9261
7662
2596
376
4108
279
1779
9642
5214
1480
6289
9815
3625
1869
8745
7749
9376
6069
1067
629
3493
9209
2756
1382
7286
6302
8156
2068
6779
6740
4793
3461
4898
2527
3520
5575
9121
8112
5233
8303
7715
1727
8199
3499
3365
2978
4669
9890
9065
9109
5391
9971
7437
2840
5855
3722
1331
7972
8689
7407
498
5037
2467
6972
6412
8220
8394
4638
4910
6480
2816
4191
4206
6346
5307
5111
4059
1233
9208
8269
405
2260
3933
6167
8572
8552
6083
8890
7395
804
9484
2856
5965
461
2621
3205
4544
8310
5625
2273
1271
498
7973
5944
6665
7038
2351
6886
8666
7700
9768
8706
1954
2873
5924
7835
6660
2455
9084
641
3185
4102
5283
1680
1867
3307
7522
5258
8445
1646
1835
6577
8909
6319
4569
580
210
3584
2048
6347
6485
1102
5898
2379
4046
9330
4750
3432
2145
100
5774
2716
724
1309
7561
4195
818
243
9236
8503
8030
4483
9364
2559
4613
8563
2213
7334
1076
6587
8230
452
3954
5882
234
283
2393
4411
6711
6029
2571
5159
8908
3928
5581
3997
8915
3164
1399
3621
1830
6300
8833
5094
6285
8171
8910
248
4074
3998
7099
2714
1478
2244
7935
2751
1946
195
4188
1162
2278
586
1496
606
2155
5757
8597
8368
9943
1699
2702
3280
6067
8207
9359
893
8909
2826
6242
5224
7212
5757
685
2446
7255
6
1509
1752
2689
6133
6710
1268
9858
3730
9908
2398
1667
2428
119
4239
8635
3665
1370
855
6605
696
939
8053
6800
8431
7624
3102
5392
6528
4298
316
6545
8906
2265
7814
5048
327
8430
5922
2048
6026
143
5658
155
3509
6722
6546
2250
6572
1134
6582
1689
366
82
3625
283
2907
5816
6688
4412
2799
8434
7656
8983
5150
3091
8808
3482
7672
2610
9188
4400
6757
2299
3359
3459
8992
440
9330
1709
6983
4862
8605
5358
9652
3328
158
449
6214
2984
1914
9924
9962
2099
7843
8494
2632
5465
6103
7779
2697
3406
3879
6676
1195
3154
7499
9622
6881
496
2237
8474
8412
9093
4786
2133
5042
4604
2817
1672
8883
870
268
7753
1158
5789
4038
1425
2085
5247
7626
8994
9028
4479
9918
6614
381
7579
2789
459
3286
7530
9507
3935
1723
1079
7004
4218
7789
5076
9004
6616
3032
3455
3728
6724
8610
6968
9435
7180
2730
970
3416
7905
1348
89
5214
6179
3397
2457
2832
5633
5003
325
1472
1295
8033
8330
7970
1199
7124
5501
476
3741
5901
2127
2192
3980
7461
8048
3
1356
6429
4630
3678
5953
9861
8704
9026
331
2142
3099
8804
9225
4608
5039
8550
9955
4108
652
528
2237
5965
1085
7961
7320
5867
3347
3411
2808
2116
6864
9730
1378
4330
4977
9348
8696
7256
9104
7834
8280
8608
2155
638
8808
8041
6932
7736
2395
269
4688
9464
768
9135
8832
8283
9941
981
8813
5418
2960
5073
9656
8368
4632
6025
3308
5140
1748
8168
8981
3709
7249
4656
1038
702
7018
4696
4592
1599
3565
790
959
5813
1702
4075
7398
3979
7524
9983
8128
1464
3473
8268
6546
1678
9100
1193
1754
5110
9237
1144
6045
5182
8729
4289
3834
9986
5624
10
6669
9776
2764
6795
3407
3663
1117
4052
9448
5414
6826
5834
3966
7445
7994
6909
9517
4170
6495
3757
4076
707
4740
3102
1628
610
7245
8431
3721
6777
2106
545
1099
2964
8030
1665
1433
9466
8456
3875
6505
5407
5451
1738
9738
1837
2602
5814
2890
4352
7900
8528
8953
1334
4742
6296
6784
4052
1610
2200
1882
7846
8722
1584
6833
9416
3021
8932
4440
3839
1228
8110
6309
6346
4362
9669
9754
8127
6128
8250
6305
2471
1894
361
5772
7402
4575
7779
899
3630
8689
4681
8925
2128
4083
7214
8069
3937
6398
2684
8875
5878
2202
1788
2663
9806
2890
1396
1897
9741
2980
7270
197
761
5194
5802
2923
5890
6868
1365
2786
2402
9656
1207
8795
6902
7225
2913
976
9372
3718
463
7766
9956
9104
3621
7794
8672
6243
2009
2781
7483
8466
9552
3778
6180
5788
7238
8585
8396
2495
2094
4295
1734
8754
8132
5195
6476
4180
643
2924
607
1808
8665
2769
5036
6817
1716
7201
1755
5515
5943
5423
9459
6610
1735
5511
5663
8569
9552
4022
1699
4022
3191
6416
7164
4558
104
495
3363
7049
6432
4216
1059
5659
445
8701
6478
2077
1785
7013
913
199
5503
9404
3514
482
9260
6091
3859
3470
9266
9371
812
1653
5533
7879
6774
3730
9843
7155
1972
5575
464
2311
1671
7805
6109
591
338
668
7859
3840
670
3194
1894
3540
2160
5018
7704
3924
3379
6097
6199
1931
4541
1679
9609
6260
2057
7282
416
1637
4778
1215
9671
8556
2407
211
6022
3211
185
7125
5501
7124
333
8315
8739
1043
10
2337
6621
3105
7537
868
7612
6962
3541
7424
9984
1585
1291
9337
11
823
1013
3710
2815
7412
6246
8654
6006
3124
6400
6923
7519
3999
8614
304
8110
7192
3709
9571
5878
3897
5599
6644
4861
965
873
2693
2263
2431
5402
8382
9216
928
7845
161
8076
8186
5674
9613
5238
3224
7986
1182
2179
6638
747
7337
9052
9496
4365
9182
4495
5706
523
4865
2546
7483
5058
7718
2551
4532
6337
1035
789
8919
4055
6598
3147
9258
1681
9649
6653
9772
6874
3861
3918
2112
8109
6039
8608
359
2483
1788
1981
2566
9204
186
162
5386
5638
7608
9419
1881
7932
8304
1938
6432
6226
2055
7813
4807
5254
7293
9846
1943
4728
1453
6555
4738
337
8987
5344
2249
5392
1482
2170
1111
5219
3610
6252
9662
1228
3293
8365
337
9280
4342
9094
6184
7421
5140
9044
4043
1372
7429
6467
3866
2256
5187
9009
937
9949
4727
5376
5363
7182
3654
9565
1058
4071
8123
5050
4714
78
4972
8778
3721
604
7711
5188
890
8361
3108
8584
2935
5497
8178
8126
9161
1012
5722
3504
6587
9463
278
892
7791
1131
5317
8171
8184
932
6828
5641
142
3124
8064
3399
2428
1621
5140
9425
4684
1116
3435
3032
8436
2572
287
6791
7984
7705
344
6290
6874
1013
6143
1182
8185
4641
7928
2833
9802
888
3585
3604
9042
9548
1649
286
4524
2414
7784
9558
7028
5277
7887
6439
5216
8514
9008
7691
6567
1004
2668
849
8646
8475
3821
6159
923
6665
2706
3075
2746
1685
6136
5165
8793
4834
9421
7278
9354
6803
9989
6668
9132
6642
9095
5390
4890
4207
8486
4714
9258
847
4827
3613
5269
2078
5816
2388
3776
7643
8460
9441
3842
8969
1751
3849
4348
1326
3131
8951
3644
8209
544
2436
2869
8401
9625
6592
7742
1995
8645
8308
3065
246
2177
2174
3979
5528
8144
1610
8074
1931
1908
2324
2892
4033
5353
9628
4027
1281
8538
6092
102
8027
6445
8917
2192
4808
3553
6964
6959
4682
4570
5880
4692
9594
491
6000
5734
5628
5347
1765
1371
2731
502
3316
8149
4061
158
570
7807
2428
3852
7651
8526
6496
9155
820
7048
7374
535
6225
5357
7018
8392
4700
85
3472
5655
9641
7572
4393
7999
523
2612
9530
7746
9036
4298
4872
811
6996
8110
6027
686
5210
9404
6064
3364
279
9796
3541
2381
1980
4609
9701
3675
7299
6468
9954
5868
8452
7458
3672
2719
1303
9799
8022
1021
7470
2933
6163
9016
8122
3101
7420
7499
9946
19
7260
8247
4131
4123
7866
2124
7310
6976
5864
2299
9369
6891
2417
6338
6797
1643
2267
4678
1802
156
2546
1909
6815
5538
9254
1675
1216
2472
9092
5547
2092
3053
7064
1223
3691
6458
5702
5598
857
9530
74
3844
163
7264
3844
6479
8767
4515
5551
2610
5021
2797
1016
9011
6808
8960
7332
1518
3243
5737
6228
7326
2898
7688
9773
4218
7027
9890
9381
5504
9415
892
9825
7478
5399
5901
3633
9608
1390
953
7589
6322
2789
3889
2352
3272
2571
3393
8197
245
5022
3022
4765
7523
9098
3214
373
2424
3732
582
6895
7987
3016
449
9533
6339
2656
5562
6902
5143
346
1182
5756
6704
1786
4323
6413
5803
944
2855
9501
4153
7868
8355
1953
6463
9872
5128
406
5556
2209
6690
3076
1704
2520
92
7025
4418
9277
7993
6297
3301
8180
8123
7853
8238
2075
9873
6427
8204
9325
8167
6499
2276
2751
5458
9413
6053
6307
3740
6342
1615
9434
9777
3282
9401
9699
8440
2541
5950
2768
966
6299
2294
5011
7249
1734
4008
8120
3867
3923
5383
7009
2427
2287
7018
1940
6041
8686
8233
3360
5275
444
3145
3241
8728
9573
1982
9828
7570
223
7292
3699
7821
29
8025
1750
8940
7417
3209
2317
2355
6165
883
9025
8995
552
7289
3155
585
9298
5922
4324
5478
4142
5995
7094
6169
9397
5083
6773
2242
2109
1313
1106
9507
8554
6289
5812
3332
1708
1159
1015
1766
6079
4701
2471
1969
809
4136
6221
1641
9312
6464
7786
5718
3897
578
7360
7381
6768
8141
577
1635
4631
4275
387
9125
2698
7468
9325
7675
5317
1806
3045
9086
4689
3609
5358
9161
6151
8882
2213
9619
8388
7576
7095
1588
9575
5631
3089
1715
5952
5972
7550
3567
7605
5220
3707
8964
7343
3727
9846
6185
2482
2739
744
4514
6048
3981
7941
7580
3493
3758
5110
1075
3333
5796
2320
4013
5312
4474
8287
6512
7645
2838
2855
1229
5726
7854
2897
48
8241
8713
3574
2394
3082
2700
3479
6632
4666
7113
6562
1406
6311
5042
5943
9507
6167
7431
4718
2851
2886
3770
6689
3514
7657
9021
5596
2412
2566
4930
4852
4171
1316
9753
1063
4011
7260
1589
3675
73
5446
7042
9987
2472
9891
8687
9449
8644
4673
2001
3692
2995
7587
4786
9039
7783
8091
9896
6408
1236
7062
5138
9436
8442
4472
2549
5433
269
2542
2978
5338
5683
6114
872
8240
3242
9073
8461
3217
8236
5453
8190
6257
2983
6580
7150
2863
9117
1028
7504
7543
2376
2515
2484
9878
2328
1903
8377
3084
1781
3454
9119
5083
3191
2150
1599
3948
2287
8492
6581
9340
2348
9492
2291
9004
6092
9782
5115
4746
5966
4706
4621
5458
7795
8081
8177
5673
7187
895
3784
6911
2892
3644
8453
5655
6371
4220
3424
6171
2266
5324
6845
8569
147
205
9154
2556
3949
3226
6314
5102
1846
2202
1334
5904
5968
2767
5014
7986
8320
1134
2784
2011
6537
498
5621
1961
710
8109
9585
6745
403
4531
271
6956
9196
4001
5631
8541
2632
4933
3024
5457
4257
2614
4110
1511
3614
1927
4267
7549
9500
6515
1558
3903
1587
2263
3975
9589
3576
7150
2674
9121
1468
6605
3228
5012
1245
3338
6530
9047
1274
3278
5921
8221
6100
4745
7371
1882
9922
6249
5062
5062
23
9445
5649
9237
2711
7662
583
5837
6881
7157
7460
9696
3253
7808
8073
9352
519
2274
3053
8587
3164
7864
346
8960
9590
3281
7564
6173
3281
3259
6270
4093
4245
7654
9657
9007
2722
8015
3746
3236
2246
3859
6212
1660
4551
2922
6284
6848
4513
4534
3750
8564
9354
2884
5060
1179
2672
7473
9737
8187
508
1306
885
6481
3623
3496
9443
4264
7437
1861
3000
5580
8673
2827
6522
1325
5635
492
4098
1279
7282
4057
7966
4233
4762
2997
3504
3588
7943
2320
6605
3958
8577
6062
2918
233
1253
5761
6820
4330
3023
2071
1632
6444
2703
1909
1625
6970
1236
565
640
2482
5228
8058
1782
4160
6773
1695
7561
9887
4059
2253
128
1844
8847
9515
6773
9926
8920
3978
6754
7510
5860
5471
1686
217
1089
6161
3222
176
6023
4941
8566
7999
5396
2584
6471
2192
6344
2170
3815
1033
9659
7311
5581
5107
3789
1462
9135
9608
6627
5224
7058
4306
4886
4964
1475
5623
5959
5277
6805
9662
2579
9913
7189
7233
6265
568
9439
1913
1610
686
2310
23
9775
1828
8127
7008
6219
3502
3357
8196
4648
3430
594
3127
6454
4141
5589
1746
2480
3525
9475
7626
1881
1512
8120
8092
1034
2389
7674
3613
3982
2444
7809
9162
4752
5609
1886
8393
1021
5534
6341
7381
8059
1186
9963
8506
1686
4408
7405
6558
9027
2171
267
8582
6281
3251
3400
6147
3419
8926
3694
3743
6756
9959
3557
9845
1663
7618
1514
7777
9380
4748
7926
2022
3785
4050
4711
1809
6327
4602
4100
7944
9849
4420
2973
697
4977
6371
6135
6273
5940
7116
3994
6889
6212
3919
7538
4826
8224
2155
6267
3939
5508
7120
2769
3052
140
7353
1020
4450
3097
3108
4156
7224
235
2839
1460
9631
2002
2583
3633
6809
712
8012
9993
223
5223
6562
1235
3000
9211
7541
6582
1003
5873
1407
4736
2876
8865
5506
3908
3604
6543
2483
7371
5184
4175
9295
7498
4870
6692
9311
3035
6202
2739
7336
1481
474
9352
7543
890
6673
5374
7295
3140
6030
928
5638
3779
3270
9674
3808
1923
421
396
6572
7371
596
4536
7383
1077
8571
6673
7440
9452
2160
5704
8539
2567
3389
5460
2300
1265
1340
4858
3821
8447
9104
9340
6112
5325
5786
7290
2751
4346
734
7424
125
6619
1246
5717
7359
3233
6895
3335
1557
6600
3299
258
8356
125
5694
2808
2928
1901
7961
7112
4586
899
5922
4715
8893
2163
4646
989
4827
882
8277
1783
923
3923
7460
8824
3572
1369
3844
9811
2697
9935
3300
4813
4862
4743
9558
6662
1546
5875
7733
9312
802
1361
2879
4833
3797
8825
2148
6643
3834
3864
396
3872
4389
4448
8129
9330
4394
7077
7603
1455
3586
2285
7552
8831
8032
4170
9557
4394
6164
1066
9371
5272
8611
2234
4658
3370
894
8469
6564
1254
6686
2942
6262
7687
713
2223
9232
7244
4655
6459
9376
8825
6385
1988
2309
8618
2791
9260
2136
4086
9054
3909
8876
6862
2760
9028
4317
4131
9500
2271
2539
2
7713
2289
7584
675
4469
5154
4864
9777
569
2954
4723
3154
2935
3525
6336
5613
4581
2425
7571
5637
7623
5657
1818
7924
2792
4436
5879
7775
9666
1302
3994
5783
5476
290
1822
6084
6735
2532
761
6505
7171
2653
7399
4335
7500
657
5059
7179
7406
8577
4433
4360
7774
1141
8107
688
1717
4908
9415
1048
6180
919
9527
1251
2066
1747
7899
7822
9709
5042
326
7040
8247
2129
5690
1397
2014
2055
7219
9895
4396
8579
6551
7094
9783
28
9267
4686
7203
9718
8637
8506
5056
7644
308
3356
4917
2570
4414
7806
3834
7275
3151
1191
8765
8752
1256
5483
3820
9441
4019
5346
864
5189
2473
799
6661
584
8217
8173
5251
2539
984
6748
2531
8555
486
392
1107
6979
357
5816
7412
2736
6047
1635
9806
3518
461
5329
5920
8218
778
8414
9858
1511
7433
3664
5030
5932
1540
2037
6380
5518
207
1142
6555
3164
87
1528
4169
7196
8319
1853
8724
1354
6566
9078
5997
6366
8217
5242
9714
605
1078
8071
220
1938
7809
8713
8488
2810
4264
6220
4309
5844
1464
5055
791
7808
410
8859
3395
5649
208
986
652
9493
9028
9925
5443
4003
4322
5582
248
1276
3414
667
7144
5604
8089
9901
3479
2833
7134
8630
7136
4822
8900
1582
1103
2530
1935
1940
5643
9662
5458
711
7794
2459
3047
6442
2157
225
2293
5734
3956
5491
347
5723
5231
2326
333
724
7661
6254
6386
6560
1022
9445
5740
7771
4556
464
4720
4830
9647
8660
1744
799
6088
9514
4553
9427
993
8741
708
9593
8905
9729
156
4222
4046
1057
6137
5321
779
8218
6028
603
6371
6467
6875
1355
905
9723
1297
5633
2817
3859
8198
5656
4926
1382
9323
3372
5076
8493
7043
3537
7539
4830
982
9400
6175
827
1093
2077
8030
7531
2610
1068
6514
8975
3950
9981
6593
7777
2081
8538
553
467
1115
9172
1777
260
9000
4131
5737
1480
4009
6911
1922
1622
7484
33
7779
4197
1754
9725
5934
7910
2501
6894
8888
5460
2952
2934
1243
8347
3262
8361
8045
2381
2172
2075
9303
2328
9624
9086
4940
3079
8392
5002
1483
9059
9987
6237
1657
3200
5099
5952
701
1749
1667
7071
8719
1391
4298
5370
6653
781
7213
7586
4586
9385
9138
1786
4983
2759
2653
9810
218
4869
2387
4516
3263
4857
6133
7749
2796
7793
490
8500
9106
6378
7941
4550
5203
3287
5424
5044
8288
1945
5385
5905
372
6845
9087
4772
3227
3229
8492
7239
2101
9951
7441
1562
4654
8627
5032
4726
6430
6802
4141
8775
1849
2820
5805
2665
188
5287
5869
1537
9279
604
3706
2259
5815
7907
4111
1398
9997
1923
2516
9331
4051
772
586
2125
8646
7510
3911
1030
8597
1368
6077
7941
9434
7054
3660
4044
9356
8226
4869
7983
6913
4309
490
9380
3345
8196
9534
3284
9926
6053
3596
1239
4891
9447
3279
5048
1570
4312
7265
23
9198
897
9599
5534
531
3772
3602
2027
5905
1205
1440
5303
1627
8780
6828
833
1719
3012
4625
3153
5939
6859
5125
7970
3737
581
2743
7509
3345
8140
8508
2856
7547
1508
3245
557
2846
2642
3702
4582
6728
5662
6966
8926
8505
9793
9493
554
2827
7026
5809
7192
1369
7123
8542
9557
7431
6589
5799
2999
218
7533
4123
9262
436
6975
5255
5089
6496
7064
2775
722
1099
1948
291
8025
1270
7562
6340
4892
998
6480
2380
9897
4579
1179
9359
8721
473
5524
5207
1802
11
6103
311
844
2684
2180
533
386
9869
5432
7660
9420
1851
8396
5302
7242
8779
3625
4205
7155
4807
3882
4717
1435
6080
7423
5687
1041
7450
1394
8505
3973
9864
662
2144
6869
199
9058
109
5486
8002
4894
2995
1025
9058
2895
1020
913
4015
231
9308
4640
1383
5204
4992
7489
8148
3320
9257
7615
7969
6985
9344
4817
6480
1863
5214
2556
5532
5043
3102
8310
3442
7611
3489
1176
6218
6960
4188
9804
5586
2222
151
8187
3215
9581
388
1620
6947
2915
8950
229
4091
9187
1328
2865
8867
7333
9784
9871
5936
4017
1185
9267
9624
9517
8700
7223
8935
2309
4356
335
1715
1416
2918
4211
7457
1504
8808
114
7145
6846
6823
9024
257
6810
4352
356
3585
7307
7435
813
3917
9757
5547
7361
6731
1578
313
7139
6100
9928
1471
6307
6733
3498
9378
9244
7734
5522
7090
9339
9037
4848
6629
2660
5726
914
3439
6214
2490
2763
222
3212
299
1882
6352
8787
71
3554
1908
937
3571
1652
5967
3135
80
7398
7284
6981
8455
3435
1720
5596
8158
769
4847
981
9502
7624
77
1524
2974
6055
2321
9010
9774
4300
4709
8040
939
255
1243
4587
357
4229
1347
4572
7789
7181
3272
7816
1612
3996
2042
7475
7408
74
4206
186
7770
3456
6060
7517
715
4054
4179
5063
8962
6156
7129
1519
9992
305
5025
6429
7298
5899
9277
1942
6491
6428
8264
885
6090
5104
5975
708
1668
9859
9710
488
3821
3139
9821
6042
4916
3774
9168
6425
6965
5278
2490
3627
3117
7398
6187
6093
8247
5461
7171
5866
9900
5123
5365
8608
9473
8504
8223
5521
4922
1357
7165
6286
492
9937
5275
2545
6053
514
2729
2139
8426
4126
1500
5377
9797
4061
3663
5913
3755
3848
8278
488
7813
9038
270
3727
2353
6982
989
6488
9870
4953
4203
8829
5089
8470
3156
1554
6116
8489
4030
3532
9086
8237
8662
5493
3983
7913
4664
4843
7246
8200
4273
209
7601
1614
4154
8849
5133
4063
7188
4887
55
7688
3806
1380
6826
40
4849
4650
1356
3966
109
5004
3838
7175
6730
4017
7462
420
9451
4874
3704
8433
340
8913
8205
8352
9083
8489
7336
6212
6159
3549
4476
3273
334
6885
6753
448
8736
950
7528
897
2532
7317
7286
7977
3681
8411
5727
8164
8613
9948
852
6316
2767
1692
6629
3693
5907
3606
9410
7525
1879
4217
4713
4597
8050
8138
188
320
9030
82
7634
9059
6534
3390
6800
1099
2171
2160
6345
6594
2844
7375
2836
7038
9027
9082
6935
403
4664
8650
7036
6929
3676
7393
4538
8735
2143
445
1647
7929
7113
7667
2168
4681
2680
6585
8074
8866
1502
5874
9828
6291
5211
1751
6404
3284
368
3784
1736
1460
7480
1097
7935
7882
9440
4698
2042
4464
2258
6793
2282
4515
5372
3297
1862
3584
1008
1505
3181
6415
2080
896
2999
1726
5940
1371
9589
1806
6904
9898
6191
4438
3967
3494
1174
566
1337
3721
4250
2263
8517
5515
9803
2109
3543
1010
2926
6817
7680
7278
1132
5147
2386
5402
4864
2518
9681
7146
2891
2495
5199
4648
4500
8392
9127
8000
8971
6586
4023
5376
4242
6834
44
456
919
3856
7541
2274
4796
8785
4137
3351
932
8673
8430
3003
4981
7199
5290
4021
2957
9956
8356
2613
8895
3239
3751
3424
1004
6168
5356
3751
770
2101
5995
3639
6263
6836
805
1460
376
7892
8744
7783
7132
1258
5718
3855
4327
9468
8105
4889
8764
7574
8607
2453
1139
1650
7317
4770
1217
7857
9608
8465
379
8728
9081
428
7826
7386
8130
3826
8783
9669
944
8031
7895
8772
3719
8255
8670
6954
4714
7005
303
4092
2397
6140
6514
3429
3393
5274
7125
709
3180
9522
2025
4123
1591
7201
8890
8923
2009
5989
592
2414
7905
4247
5544
2137
2818
2750
4435
2473
238
906
9754
2684
7976
685
321
2399
7538
949
1626
8996
2813
4662
4195
4954
3920
1510
6458
2267
1469
8911
5577
5324
3675
5064
9622
3271
3788
8737
7075
7794
8105
1827
5174
2519
5483
2366
6872
5787
7700
7622
7298
9398
6300
9215
4528
2152
5596
4748
6185
8460
3410
3371
2959
9127
829
5889
2449
3539
9749
3569
1941
9890
2323
3613
6676
2845
9537
3460
981
6111
7117
479
3216
701
5703
8457
1927
8425
8801
7317
9813
4093
6442
7947
4148
9224
4620
9696
7179
4700
631
4156
7649
9704
2254
5138
5111
9552
4323
1466
1964
5561
9721
6103
4252
5995
3061
2460
1188
8266
4399
6293
5097
9125
7223
9493
7987
1318
9629
313
8354
2351
137
3071
1950
3409
9895
9221
3250
4247
1182
838
129
2887
8032
7015
2883
7372
8606
3449
112
464
461
5592
8242
7206
9296
6120
8497
9551
8918
8216
4965
1876
5207
7153
101
6162
9650
4041
9463
5828
8695
7213
5770
2781
3563
8718
3501
3122
1477
5652
9126
3112
3293
8635
8832
8500
4430
2672
5120
7136
5677
8819
6002
6895
7978
8610
5731
8371
604
7054
3905
4555
5276
4136
664
7763
9719
9236
9213
7432
2928
7656
3403
1121
955
3515
7263
5005
6454
8704
5465
9497
7375
3265
8520
210
251
8621
4210
4448
1302
1408
7197
8623
4256
2293
2063
2567
7198
1154
1155
2580
2044
7259
7482
6222
9292
665
4673
8380
7597
8964
551
9900
2414
1716
8186
7251
452
3442
8524
4075
7020
4859
1601
3232
1471
1236
9188
1025
1890
6160
294
3634
3957
8827
2383
9485
459
3021
5375
260
7327
6366
2551
7586
9273
9148
2342
2026
3092
3008
7637
5960
9546
1189
4713
2161
5354
3614
2225
5449
5280
2087
1735
5653
553
3140
5232
6322
3942
8686
1786
5087
3686
7476
5035
8412
8165
3636
5560
5564
736
2039
7362
4096
9449
4119
5634
1842
9517
1902
3816
8520
7344
2453
1529
3377
3686
9756
1376
3998
90
6104
1865
5425
7130
483
5719
7980
5183
7151
7697
6868
8459
3638
3734
6524
859
3727
3657
7928
7843
7624
3058
7672
1954
8501
5980
3429
897
1854
9001
1644
6133
1718
9036
9784
6866
5683
1701
7273
8952
8846
4454
6357
816
5402
8874
6591
8742
5365
9449
4369
2073
3090
1992
1973
4777
3745
3449
9013
3618
3595
6256
2763
4714
140
4627
2947
9689
8452
7214
794
9780
849
430
1817
1299
8020
9363
6710
8673
1070
8731
4982
1893
5618
4599
1514
3673
1001
8665
7107
7891
9972
870
242
4911
6816
2796
8785
1325
4733
3864
7192
1305
6557
4683
6845
4302
6376
7105
4619
9114
3488
8459
7525
7522
4264
8296
9292
1598
1940
9526
8166
7579
9165
2268
3860
5762
3191
7970
5585
259
9005
3375
2408
4651
1421
8781
1799
9584
3158
2702
2141
6186
2283
5507
269
4803
9053
7928
5595
2005
9121
6411
8314
79
7393
6194
301
2292
4378
4766
3868
4085
4768
2835
5300
5074
6243
7363
7244
9234
4956
1321
6446
949
3056
7848
1068
2785
2704
2263
4888
6741
532
3982
4042
4536
6269
1831
5659
4039
9320
433
6715
8332
7519
2442
5782
1113
2961
1195
9900
7129
869
1063
3807
9174
8761
8238
8933
3816
4861
2985
5193
6450
6638
5496
9411
2552
2653
1414
451
6075
3461
9777
2588
7813
230
5741
5459
6243
2946
2722
1089
901
3606
3831
5862
3618
3620
394
8107
6128
8820
6190
9981
3474
9912
9607
5740
1403
1004
2356
7129
2538
3907
2597
650
452
1329
2375
762
3022
7791
4133
7681
6400
3092
8701
8376
8803
9540
7676
4631
8928
759
6378
2551
7250
6886
9673
3812
9752
8238
1864
82
2652
7094
3611
8590
3633
5177
3328
8582
9743
2597
7911
5543
4653
2569
7790
2495
8289
5030
4271
5421
9980
1466
2951
2919
2215
2685
5566
8566
5858
1076
4059
8154
9254
8955
4895
2945
3028
5044
8665
4402
9584
1774
9891
5485
1330
7201
4626
8511
4447
6612
8874
9841
5702
566
9202
7197
8203
8071
7975
6294
8293
5899
9593
9650
9821
7586
809
1921
3940
8593
7781
2938
2261
7321
4819
1708
8708
5177
5017
2118
739
2746
869
3770
3743
3251
3811
9484
3346
8981
5215
4343
9153
1107
7770
9845
9994
8410
5431
717
5142
5854
2142
1267
8173
9626
4405
2753
130
1317
420
3176
6492
236
9010
6179
8081
9510
4843
6248
9475
8574
2533
3309
9770
1963
1166
996
9602
1844
2486
9343
5211
9703
532
4468
5057
751
7884
4942
6970
3170
3808
6966
4170
3154
2604
8203
6603
5853
6236
3210
20
1767
3914
1731
8928
7954
2748
4850
1191
3466
7782
2950
1369
8845
6794
3752
7137
229
5068
8335
8099
9622
8043
7954
9154
4251
5192
4711
1200
9545
6799
4730
410
2276
6388
3295
3571
2643
5489
7656
1045
6680
4140
4644
819
3285
76
7098
6774
3346
1907
5169
1842
2000
6744
6047
2015
8874
730
8379
347
5330
1705
5692
977
2160
6836
6528
2021
6019
4493
7670
2715
7883
8823
814
4583
2313
7575
2391
8617
1942
8541
807
443
7671
7652
5356
3291
1386
2273
6263
4198
4661
6486
5887
2349
3860
1300
6994
9689
9354
1610
5171
3044
4129
3469
8952
3843
4980
9781
3050
6251
7696
9861
7188
7031
6150
8507
5454
759
4076
3153
8870
2170
7431
3525
6899
3357
4741
6783
1993
7285
2558
2558
4967
689
3297
6527
7974
8773
3076
8219
6171
1352
7918
8565
8774
5080
7703
5409
5136
9214
8578
663
1734
3032
6198
1053
1492
1433
4130
5564
7759
1537
4026
6539
1405
7151
6757
8182
1045
9883
6608
5699
3155
5334
3839
710
994
370
4446
3693
8679
2743
9788
2239
9481
7492
2915
4642
5490
5511
2863
1997
9153
8396
2999
8362
5882
298
4534
7789
902
1853
1782
9053
2846
3500
1408
3774
1193
5457
3955
1295
4602
9501
2279
4142
2410
3288
8157
1197
2164
1426
5321
1821
1867
8758
4413
3058
6853
388
2976
3808
7670
9872
1478
4384
7164
1692
4574
7212
2082
6626
5366
4622
6924
8984
9215
2635
5559
2770
2854
5454
9120
9815
3971
3970
7116
6669
6252
3002
2343
8601
4920
6230
9192
8477
8228
4808
9245
5443
1083
5510
7680
3362
7976
6923
8928
1807
3771
7672
278
2993
2513
8971
7677
6519
6410
4872
8836
41
9406
7532
4954
8057
2356
1514
3846
2889
9701
699
4066
1625
768
3742
1764
309
2353
9153
9414
1980
3046
9074
8305
8305
3953
1623
4758
5480
4905
5263
3383
3865
21
5067
9379
7347
1597
14
5871
2851
6670
2433
1589
2604
6340
5630
8820
1735
3935
3348
1467
1681
4480
5211
8334
5431
4529
5598
7272
4147
8432
9488
1731
5927
4351
7726
2407
6555
938
5913
3185
8969
3503
5631
2391
2883
6676
4097
7482
8493
9133
8493
3710
8532
4769
4188
5089
1063
3861
1888
8997
1368
7221
7311
4166
5013
6116
8448
5436
5785
831
9657
7711
1544
1134
8906
5801
8258
2617
4325
6486
7484
3937
8886
4067
5374
1283
7523
897
1950
8066
9286
9971
7799
9791
8223
7484
1629
6352
612
9479
6186
6544
2881
8199
1916
2540
4104
533
7469
5249
9311
3116
3620
5020
5013
6020
2544
5982
6327
9759
7481
6481
5877
8369
8799
2499
8243
4691
1212
5768
153
2681
3477
3330
5845
5544
6300
728
9050
7821
6346
6705
7926
4149
4291
3336
6916
7375
2652
1829
9991
3925
4779
896
3036
4892
9834
1572
9229
7198
9840
9594
185
320
3974
4093
7364
615
2121
9204
2790
7055
4462
3447
5468
9303
6319
233
60
1515
7849
1708
7363
2960
6283
7283
1920
9653
4372
7656
686
9520
2450
4940
8117
7324
3112
9552
7240
4571
6855
4959
3339
3914
4283
2062
6722
7187
5431
6045
3703
1161
9612
9842
432
5323
9840
18
2460
1557
4289
2852
4067
6468
3547
646
5274
3274
6474
911
1194
1688
9365
3942
7922
1004
2820
7551
1513
3744
8213
1207
1767
4635
1011
5706
509
2436
1291
8619
4861
191
2768
260
9586
2855
417
9639
9016
9923
3314
5019
8297
4678
3743
9041
5718
987
5777
4122
2768
3201
6581
9850
6205
4619
1492
442
6908
5258
9558
6966
3589
206
9696
6017
5518
5686
8841
3781
7357
1195
2585
2044
902
2511
5641
564
3107
2224
4201
8478
7067
1518
4737
5908
2869
9410
4144
5781
8128
3355
4236
5035
3871
8201
9570
3841
13
8859
1311
1229
6082
5702
1461
5630
7076
743
1115
9211
1410
6900
3635
5612
7703
2329
8635
1722
9885
6687
5482
5451
5536
6472
5676
3123
686
2110
1891
2070
5398
359
7735
6283
8369
1753
6365
5572
5530
4330
7960
1558
7137
1668
5768
7092
237
5396
7944
9141
8513
9765
7718
9101
9546
8609
7576
8580
260
3086
4071
3204
4982
1960
8658
1744
6908
4861
6492
2973
3052
2957
9547
8036
4730
777
2583
1859
555
7553
512
3129
6526
6358
3540
8710
8304
4590
2066
5034
4061
9885
6828
5946
2367
1418
970
3764
8519
7755
9838
7919
4440
8855
1165
3404
1806
1711
3008
9514
5428
6153
9326
7866
4071
9837
3381
7508
8866
9137
7300
4123
5291
5750
2089
9741
3255
7171
6121
9201
1271
2888
1723
9638
4930
7128
8853
9732
6900
3321
2069
6110
5562
5018
1976
5351
2042
2991
5201
1389
883
8440
7541
9719
7883
7800
3391
1823
9748
5534
833
5472
4100
7449
5814
9169
5132
8573
745
1880
9715
6461
2538
2441
1160
2880
2618
6509
2952
4286
6761
2829
2779
4232
5750
4662
7990
8909
8779
6746
7162
398
312
2908
8934
871
7656
4527
8456
5000
900
5474
3858
7124
9084
4836
9977
4338
6439
4790
4293
6625
395
7301
438
359
8671
9984
7988
2096
6207
8436
3330
5427
3964
9607
5303
4842
693
8373
1052
7060
5647
7384
2090
2073
4924
8449
7876
3296
6615
2275
4416
8607
287
2189
8378
1853
4425
6639
2960
7404
1442
4723
411
8753
3605
8785
7465
5814
4796
8173
4232
4561
2418
8706
4071
6981
971
3050
1885
8915
3781
8281
893
8289
2250
8211
3440
6507
2591
9733
9699
1291
8459
4389
9191
179
4176
8632
4025
13
7285
8868
9408
9295
1089
237
6596
7061
7489
1316
5754
4060
7985
461
1387
9444
5996
3325
967
8942
6799
5251
8194
8511
2344
6703
5899
868
6951
4667
50
947
6459
8043
5523
357
7814
456
6349
204
8237
9620
8013
6246
3160
8410
7025
319
9915
9154
3483
7182
9816
9285
5631
6500
4697
3467
1503
5549
5258
4587
1690
9419
7618
3585
8980
1971
1369
6002
5143
2611
7126
1327
2525
1086
4079
9768
8262
4899
8348
9897
1879
1730
1132
9764
2885
2259
1525
3553
3525
7206
2685
5624
3300
6036
1589
3858
6077
3807
1983
4651
7660
6931
7366
2578
1546
8239
5824
8822
3255
6665
1366
3745
9091
7132
7053
680
3511
1741
3650
9948
344
4283
3797
4398
7054
6216
5752
363
7934
3808
2681
794
1703
2892
3115
588
1280
9854
5745
7611
8727
4851
7039
6800
6283
6056
3282
8822
5242
1736
9608
9291
8005
375
7345
9270
5069
7701
7566
2905
7931
3510
3121
3422
934
440
3632
4433
9936
1523
7924
9532
3342
3209
6219
9489
1531
5862
14
2997
3982
4253
1044
3917
9519
6429
1983
5194
4020
566
592
7261
1633
5865
5930
6594
122
5371
9927
8341
8284
5723
140
5438
3568
1262
9811
5480
1001
7676
9517
5765
300
3407
619
6397
6680
5439
4479
1075
2263
9726
3022
5344
9227
5563
5541
2424
2885
7464
3911
7487
2714
7764
3327
2246
2052
8072
8547
3097
2632
7956
6227
7664
8424
4803
2406
6578
4363
9645
427
9616
9451
9950
8699
7870
451
1854
9535
6557
1934
1121
45
6276
789
4241
3542
4036
8484
8492
5266
9240
2317
2575
9330
3937
7734
7422
4793
1126
7334
231
7462
9679
8655
3368
650
9525
2025
3870
2478
6146
1818
8498
9493
9143
9306
3974
6426
5661
2969
1932
9685
5797
2588
3381
7852
3768
6760
8004
5882
5566
9558
9517
969
1132
983
9482
7104
6629
7585
8450
2254
332
4168
5141
6771
3839
4849
1461
4166
8845
1898
3613
5679
8561
3792
7281
8247
2000
9671
7933
1391
8822
6002
5666
2303
2205
2696
7676
22
7302
112
458
8909
3222
5443
8118
8897
7222
6845
2823
4958
789
6310
8333
1051
8647
7779
7805
4487
3373
5272
2623
5050
259
6945
9869
9494
9346
4834
2222
6120
4133
6866
5607
5985
9368
7168
6659
7043
3551
3126
4252
4971
5274
2772
6719
9811
6408
4076
9179
646
9247
8500
3402
1508
9227
4783
6053
465
9570
5328
9798
395
9341
6817
5784
4361
1745
8686
5288
681
5272
7979
2957
2809
6263
6735
3997
6951
7847
8576
2904
5989
6831
4413
1897
1728
7094
3336
3073
8743
5316
3622
9487
2153
2446
575
6867
8587
2229
2398
9454
4241
6315
2709
612
6476
4009
8417
1240
5719
3542
4717
6819
2561
913
4690
6917
891
1796
9655
9409
1671
1798
7795
5297
3528
434
2824
9052
5726
4578
1507
3675
6254
7880
8689
9303
2834
3652
1161
9139
7396
52
7161
6681
5277
8089
6618
3842
8793
4872
8328
366
1123
6861
4174
1163
517
419
7251
9674
6687
9907
261
2162
1007
6733
2923
9978
9571
6328
2309
4254
3571
3839
7980
232
4504
3489
4596
6503
2747
1009
8286
7768
6718
3332
9458
8462
6494
4813
3983
8526
71
4669
6703
1962
2690
5990
6098
3389
9662
2770
6572
7778
914
7683
5333
3775
1155
9
4118
1569
2985
80
2113
2159
1527
3875
5337
6019
8245
8993
9509
5687
8497
1133
7908
8590
2051
8415
3144
3544
8332
9412
1897
6799
8456
9596
4654
1243
4271
35
8277
5433
556
1686
7847
7497
292
8347
5608
2620
4489
1463
9123
1838
7453
362
7730
4161
5542
2207
6286
3650
2517
6994
7836
8052
7360
4241
2325
5773
1114
9676
6753
3594
7728
2197
3292
8353
137
3644
5795
2019
6904
6522
1847
1091
6622
7691
7049
8029
6970
9293
607
4566
2830
1662
6418
4186
3199
6847
1867
3779
9754
5490
7307
2544
887
4293
2822
9607
3778
6064
5273
449
3650
9431
7866
6305
3729
709
6510
9920
1650
6118
2099
5744
8023
8574
5515
2523
731
9622
2614
1523
4153
3712
9781
4152
5938
9006
6688
8647
5243
6152
1879
6634
5401
4077
8460
6913
875
9731
1771
5568
3054
6935
8224
8681
1947
8003
4711
6314
1174
673
900
4187
1759
1986
2584
2548
6206
261
2824
65
8075
6060
9037
4294
3862
3141
8436
9240
3373
784
1244
4846
1958
9598
966
2864
3019
3942
3674
8501
1979
5422
3735
7448
3587
3589
1695
3509
2836
1913
1157
